1 -11 4 0 13 0 0 0 0 0 0 0 0 -11 13 0 2 0 -11 0 0 0 0 0 0 0 0 0
2 -8 -1 2 26 -33 0 0 0 0 0 0 0 -7 -7 0 -14 1 -40 19 0 0 0 0 0 0 0 -8
3 -5 -6 4 39 -46 53 0 0 0 0 0 0 -5 46 0 41 0 2 87 -12 0 0 0 0 0 0 0
4 -2 -11 -4 52 -59 66 -73 0 0 0 0 0 0 -14 0 -14 1 -66 45 -80 59 0 0 0 0 0 -2
5 1 -16 11 65 -72 79 -86 93 0 0 0 0 -11 79 0 68 0 3 140 -11 154 -25 0 0 0 0 0
6 4 -21 2 78 -85 92 -99 106 -113 0 0 0 1 -21 0 -20 1 -98 65 -112 79 -126 93 0 0 0 4
7 7 -26 4 91 -98 105 -112 119 -126 133 0 0 -1 112 0 111 0 20 209 6 223 -8 237 -22 0 0 0
8 10 -31 -4 104 -111 118 -125 132 -139 146 -153 0 20 -28 0 -8 1 -112 103 -126 117 -140 131 -154 145 0 10
9 13 -36 11 117 -124 131 -138 145 -152 159 -166 173 -21 145 0 124 0 7 248 -7 262 -21 276 -35 290 -49 0
1 0 0 0 0 0 0 0 0 0 0 0 0 0 0 0 0 1 0 0 0 0 0 0 0 0 0 0
1 5 -5 2 -4 0 0 0 0 0 0 0 0 4 -4 0 0 1 4 0 0 0 0 0 0 0 0 5
9 131071 -131072 11 131071 131071 131071 131071 131071 131071 131071 131071 131071 -49152 1179639 0 131071 0 0 0 0 0 0 0 0 0 0 0
9 -131072 131071 -4 -131072 -131072 -131072 -131072 -131072 -131072 -131072 -131072 -131072 -131072 -1179648 0 -131072 1 0 0 0 0 0 0 0 0 0 -131072
5 100 -100 4 -50 -50 0 50 50 0 0 0 0 50 0 0 50 0 100 100 50 0 0 0 0 0 0 0
